7.004067507819047300e-01
6.214837212773919317e-01
5.682196274858023477e-01
5.265016427893206563e-01
4.934712473394539112e-01
4.669963103185361120e-01
4.455063067306659907e-01
4.278463879281328985e-01
4.131633748099748926e-01
4.008217212057290091e-01
3.903431774635444662e-01
3.813638958165855297e-01
3.736039595620214149e-01
3.668456428712840722e-01
3.609177861476556837e-01
3.556844663094547720e-01
3.510367014159689325e-01
3.468863159836295118e-01
3.431613586497580526e-01
3.398026456535064299e-01
3.367611286356869127e-01
3.339958717569261881e-01
3.314724834166272172e-01
3.291618902141238978e-01
3.270393708147689704e-01
3.250837888481170612e-01
3.232769794465063518e-01
3.216032552946473388e-01
3.200490063232572790e-01
3.186023732911246187e-01
3.172529800562036706e-01
3.159917127591571617e-01
3.148105367330880089e-01
3.137023439274108649e-01
3.126608251487040802e-01
3.116803625913978082e-01
3.107559390404975308e-01
3.098830608395302111e-01
3.090576922760201461e-01
3.082761994789174897e-01
3.075353022738868680e-01
3.068320327231813804e-01
3.061636993023428288e-01
3.055278558478755624e-01
3.049222745574761695e-01
3.043449224443963153e-01
3.037939407456075602e-01
3.032676268639241113e-01
3.027644184905657343e-01
3.022828796094845227e-01
