7.781995569509418953e-01
5.447322460185604065e-01
4.724733087250940766e-01
4.147365934931427356e-01
3.680562558336598622e-01
3.298489813704513773e-01
2.981954877272952054e-01
2.716669679532495718e-01
2.491926384243726145e-01
2.299626060238472436e-01
2.133578698287263986e-01
1.989001423029345128e-01
1.862158184539164929e-01
1.750099574238947742e-01
1.650473451696541083e-01
1.561385849447460006e-01
1.481297814404378688e-01
1.408948145375776007e-01
1.343294959220134310e-01
1.283471074904696807e-01
1.228749633638900607e-01
1.178517372218496062e-01
1.132253670352949132e-01
1.089513992424002292e-01
1.049916701980549427e-01
1.013132485774740216e-01
9.788758124735308375e-02
9.468979895436130390e-02
9.169814842978454839e-02
8.889352516151483030e-02
8.625908684222852174e-02
8.377993186688995064e-02
8.144283058447132628e-02
7.923599956980975634e-02
7.714891116306749064e-02
7.517213206717297813e-02
7.329718600229157000e-02
7.151643636871266030e-02
6.982298562412823928e-02
6.821058868235894967e-02
6.667357812187034438e-02
6.520679937968819340e-02
6.380555441940584382e-02
6.246555261625606065e-02
6.118286780964064114e-02
5.995390064341711567e-02
5.877534545398509919e-02
5.764416108161103669e-02
5.655754507605932624e-02
5.551291084714769092e-02
